2018-06-29T12:37:00-0700,5743,75.71,28.51
2018-06-29T12:42:01-0700,5744,78.43,28.51
2018-06-29T12:47:01-0700,5745,78.49,28.52
2018-06-29T12:52:01-0700,5746,78.30,28.52
2018-06-29T12:57:01-0700,5747,78.33,28.51
2018-06-29T13:02:01-0700,5748,78.60,28.52
2018-06-29T13:07:01-0700,5749,78.38,28.52
2018-06-29T13:12:02-0700,5750,77.40,28.52
2018-06-29T13:17:02-0700,5751,77.73,28.52
2018-06-29T13:22:02-0700,5752,77.99,28.52
2018-06-29T13:27:02-0700,5753,78.02,28.52
2018-06-29T13:32:02-0700,5754,78.59,28.52
2018-06-29T13:37:02-0700,5755,78.52,28.52
2018-06-29T13:42:02-0700,5756,78.58,28.52
2018-06-29T13:47:03-0700,5757,78.79,28.52
2018-06-29T13:52:03-0700,5758,78.85,28.52
2018-06-29T13:57:03-0700,5759,78.68,28.51
2018-06-29T14:02:03-0700,5760,79.19,28.51
2018-06-29T14:07:04-0700,5761,79.21,28.51
2018-06-29T14:12:04-0700,5762,79.31,28.51
2018-06-29T14:17:04-0700,5763,79.31,28.51
2018-06-29T14:22:04-0700,5764,79.72,28.51
2018-06-29T14:27:04-0700,5765,79.69,28.51
2018-06-29T14:32:04-0700,5766,79.14,28.51
2018-06-29T14:37:05-0700,5767,79.52,28.51
2018-06-29T14:42:05-0700,5768,79.02,28.51
2018-06-29T14:47:05-0700,5769,79.10,28.51
2018-06-29T14:52:05-0700,5770,78.76,28.51
2018-06-29T14:57:05-0700,5771,79.25,28.51
2018-06-29T15:02:06-0700,5772,78.60,28.50
2018-06-29T15:07:06-0700,5773,78.83,28.50
2018-06-29T15:12:06-0700,5774,78.91,28.50
2018-06-29T15:17:06-0700,5775,78.91,28.50
2018-06-29T15:22:06-0700,5776,79.01,28.50
2018-06-29T15:27:06-0700,5777,79.01,28.50
2018-06-29T15:32:06-0700,5778,78.90,28.50
2018-06-29T15:37:06-0700,5779,79.05,28.50
2018-06-29T15:42:07-0700,5780,78.76,28.50
2018-06-29T15:47:07-0700,5781,78.70,28.50
2018-06-29T15:52:07-0700,5782,78.67,28.49
2018-06-29T15:57:07-0700,5783,78.63,28.49
2018-06-29T16:02:08-0700,5784,78.26,28.49
2018-06-29T16:07:08-0700,5785,78.31,28.49
2018-06-29T16:12:08-0700,5786,77.92,28.49
2018-06-29T16:17:08-0700,5787,77.30,28.49
2018-06-29T16:22:08-0700,5788,77.65,28.49
2018-06-29T16:27:08-0700,5789,77.73,28.49
2018-06-29T16:32:09-0700,5790,77.34,28.49
2018-06-29T16:37:09-0700,5791,77.41,28.49
2018-06-29T16:42:09-0700,5792,77.31,28.48
2018-06-29T16:47:09-0700,5793,77.26,28.48
2018-06-29T16:52:09-0700,5794,76.62,28.48
2018-06-29T16:57:10-0700,5795,76.70,28.48
2018-06-29T17:02:10-0700,5796,76.84,28.48
2018-06-29T17:07:10-0700,5797,76.78,28.48
2018-06-29T17:12:10-0700,5798,76.90,28.48
2018-06-29T17:17:10-0700,5799,76.73,28.48
2018-06-29T17:22:10-0700,5800,76.46,28.48
2018-06-29T17:27:10-0700,5801,76.30,28.48
2018-06-29T17:32:10-0700,5802,76.32,28.48
2018-06-29T17:37:10-0700,5803,76.24,28.47
2018-06-29T17:42:11-0700,5804,76.33,28.47
2018-06-29T17:47:11-0700,5805,76.36,28.47
2018-06-29T17:52:11-0700,5806,76.36,28.47
2018-06-29T17:57:11-0700,5807,76.47,28.47
2018-06-29T18:02:11-0700,5808,76.68,28.47
2018-06-29T18:07:11-0700,5809,76.67,28.47
2018-06-29T18:12:11-0700,5810,76.61,28.47
2018-06-29T18:17:11-0700,5811,76.93,28.47
2018-06-29T18:22:11-0700,5812,77.33,28.47
2018-06-29T18:27:12-0700,5813,78.21,28.47
2018-06-29T18:32:12-0700,5814,79.35,28.47
2018-06-29T18:37:12-0700,5815,79.43,28.47
2018-06-29T18:42:13-0700,5816,79.86,28.47
2018-06-29T18:47:13-0700,5817,79.92,28.47
2018-06-29T18:52:13-0700,5818,80.07,28.47
2018-06-29T18:57:13-0700,5819,80.79,28.47
2018-06-29T19:02:13-0700,5820,80.49,28.47
2018-06-29T19:07:14-0700,5821,79.69,28.47
2018-06-29T19:12:14-0700,5822,79.84,28.47
2018-06-29T19:17:14-0700,5823,80.11,28.47
2018-06-29T19:22:14-0700,5824,79.26,28.47
2018-06-29T19:27:14-0700,5825,77.97,28.47
2018-06-29T19:32:14-0700,5826,76.74,28.47
2018-06-29T19:37:14-0700,5827,75.67,28.47
2018-06-29T19:42:15-0700,5828,75.16,28.47
2018-06-29T19:47:15-0700,5829,74.84,28.47
2018-06-29T19:52:15-0700,5830,74.33,28.47
2018-06-29T19:57:15-0700,5831,74.01,28.47
2018-06-29T20:02:15-0700,5832,73.32,28.47
2018-06-29T20:07:16-0700,5833,72.63,28.47
2018-06-29T20:12:16-0700,5834,71.90,28.47
2018-06-29T20:17:16-0700,5835,71.50,28.47
2018-06-29T20:22:16-0700,5836,70.75,28.47
2018-06-29T20:27:16-0700,5837,70.11,28.47
2018-06-29T20:32:16-0700,5838,69.53,28.47
2018-06-29T20:37:16-0700,5839,69.19,28.47
2018-06-29T20:42:17-0700,5840,68.67,28.47
2018-06-29T20:47:17-0700,5841,67.94,28.47
2018-06-29T20:52:17-0700,5842,67.08,28.47
2018-06-29T20:57:17-0700,5843,66.68,28.47
2018-06-29T21:02:17-0700,5844,66.44,28.47
2018-06-29T21:07:17-0700,5845,66.13,28.47
2018-06-29T21:12:18-0700,5846,65.63,28.47
2018-06-29T21:17:18-0700,5847,64.98,28.47
2018-06-29T21:22:18-0700,5848,64.82,28.47
2018-06-29T21:27:18-0700,5849,64.32,28.47
2018-06-29T21:32:18-0700,5850,64.24,28.47
2018-06-29T21:37:18-0700,5851,63.96,28.47
2018-06-29T21:42:19-0700,5852,63.65,28.47
2018-06-29T21:47:19-0700,5853,63.27,28.47
2018-06-29T21:52:19-0700,5854,62.86,28.47
2018-06-29T21:57:19-0700,5855,62.84,28.47
2018-06-29T22:02:19-0700,5856,62.73,28.47
2018-06-29T22:07:19-0700,5857,62.47,28.47
2018-06-29T22:12:20-0700,5858,62.89,28.48
2018-06-29T22:17:20-0700,5859,63.79,28.48
2018-06-29T22:22:20-0700,5860,64.34,28.48
2018-06-29T22:27:20-0700,5861,64.57,28.47
2018-06-29T22:32:20-0700,5862,64.78,28.47
2018-06-29T22:37:20-0700,5863,64.80,28.47
2018-06-29T22:42:20-0700,5864,64.74,28.47
2018-06-29T22:47:21-0700,5865,64.65,28.47
2018-06-29T22:52:21-0700,5866,64.60,28.47
2018-06-29T22:57:21-0700,5867,64.63,28.48
2018-06-29T23:02:22-0700,5868,64.54,28.48
2018-06-29T23:07:22-0700,5869,63.20,28.48
2018-06-29T23:12:22-0700,5870,62.89,28.47
2018-06-29T23:17:22-0700,5871,63.40,28.48
2018-06-29T23:22:22-0700,5872,63.61,28.48
2018-06-29T23:27:22-0700,5873,63.39,28.48
2018-06-29T23:32:22-0700,5874,63.54,28.47
2018-06-29T23:37:23-0700,5875,63.46,28.47
2018-06-29T23:42:23-0700,5876,63.38,28.47
2018-06-29T23:47:23-0700,5877,63.22,28.47
2018-06-29T23:52:23-0700,5878,63.07,28.47
2018-06-29T23:57:23-0700,5879,63.06,28.47
2018-06-30T00:02:24-0700,5880,63.04,28.47
2018-06-30T00:07:24-0700,5881,62.98,28.47
2018-06-30T00:12:24-0700,5882,62.94,28.47
2018-06-30T00:17:24-0700,5883,63.10,28.46
2018-06-30T00:22:24-0700,5884,63.13,28.46
2018-06-30T00:27:24-0700,5885,63.18,28.46
2018-06-30T00:32:25-0700,5886,63.21,28.46
2018-06-30T00:37:25-0700,5887,63.26,28.46
2018-06-30T00:42:25-0700,5888,63.09,28.46
2018-06-30T00:47:25-0700,5889,63.07,28.46
2018-06-30T00:52:25-0700,5890,63.26,28.46
2018-06-30T00:57:26-0700,5891,63.28,28.46
2018-06-30T01:02:26-0700,5892,63.38,28.45
2018-06-30T01:07:26-0700,5893,63.33,28.45
2018-06-30T01:12:26-0700,5894,63.36,28.45
2018-06-30T01:17:26-0700,5895,63.36,28.45
2018-06-30T01:22:26-0700,5896,63.39,28.45
2018-06-30T01:27:27-0700,5897,63.47,28.45
2018-06-30T01:32:27-0700,5898,63.61,28.45
2018-06-30T01:37:27-0700,5899,63.72,28.45
2018-06-30T01:42:27-0700,5900,63.72,28.45
2018-06-30T01:47:27-0700,5901,63.80,28.45
2018-06-30T01:52:27-0700,5902,64.07,28.45
2018-06-30T01:57:27-0700,5903,64.55,28.45
2018-06-30T02:02:28-0700,5904,64.56,28.45
2018-06-30T02:07:28-0700,5905,64.43,28.45
2018-06-30T02:12:28-0700,5906,64.31,28.45
2018-06-30T02:17:28-0700,5907,64.26,28.45
2018-06-30T02:22:28-0700,5908,64.75,28.45
2018-06-30T02:27:29-0700,5909,64.78,28.45
2018-06-30T02:32:29-0700,5910,64.74,28.45
2018-06-30T02:37:29-0700,5911,64.65,28.45
2018-06-30T02:42:29-0700,5912,64.62,28.45
2018-06-30T02:47:30-0700,5913,64.60,28.45
2018-06-30T02:52:30-0700,5914,64.52,28.45
2018-06-30T02:57:30-0700,5915,64.48,28.45
2018-06-30T03:02:30-0700,5916,64.49,28.45
2018-06-30T03:07:30-0700,5917,64.50,28.45
2018-06-30T03:12:31-0700,5918,64.36,28.45
2018-06-30T03:17:31-0700,5919,64.29,28.45
2018-06-30T03:22:31-0700,5920,64.34,28.45
2018-06-30T03:27:31-0700,5921,64.34,28.45
2018-06-30T03:32:31-0700,5922,64.29,28.45
2018-06-30T03:37:31-0700,5923,64.29,28.45
2018-06-30T03:42:31-0700,5924,64.36,28.45
2018-06-30T03:47:31-0700,5925,64.36,28.45
2018-06-30T03:52:31-0700,5926,64.34,28.45
2018-06-30T03:57:32-0700,5927,64.34,28.45
2018-06-30T04:02:32-0700,5928,64.31,28.45
2018-06-30T04:07:32-0700,5929,64.32,28.45
2018-06-30T04:12:32-0700,5930,64.39,28.45
2018-06-30T04:17:32-0700,5931,64.41,28.46
2018-06-30T04:22:33-0700,5932,64.50,28.46
2018-06-30T04:27:33-0700,5933,64.48,28.46
2018-06-30T04:32:33-0700,5934,64.24,28.46
2018-06-30T04:37:33-0700,5935,64.11,28.46
2018-06-30T04:42:34-0700,5936,63.60,28.46
2018-06-30T04:47:34-0700,5937,63.35,28.46
2018-06-30T04:52:34-0700,5938,63.49,28.46
2018-06-30T04:57:34-0700,5939,63.37,28.46
2018-06-30T05:02:34-0700,5940,63.38,28.46
2018-06-30T05:07:34-0700,5941,63.39,28.46
2018-06-30T05:12:34-0700,5942,63.40,28.46
2018-06-30T05:17:35-0700,5943,63.39,28.46
2018-06-30T05:22:35-0700,5944,63.39,28.46
2018-06-30T05:27:35-0700,5945,63.39,28.46
2018-06-30T05:32:35-0700,5946,63.39,28.47
2018-06-30T05:37:35-0700,5947,63.33,28.47
2018-06-30T05:42:36-0700,5948,63.28,28.47
2018-06-30T05:47:36-0700,5949,63.28,28.47
2018-06-30T05:52:36-0700,5950,63.30,28.47
2018-06-30T05:57:36-0700,5951,63.27,28.47
2018-06-30T06:02:36-0700,5952,63.15,28.47
2018-06-30T06:07:36-0700,5953,63.08,28.47
2018-06-30T06:12:37-0700,5954,63.05,28.47
2018-06-30T06:17:37-0700,5955,62.97,28.47
2018-06-30T06:22:37-0700,5956,62.94,28.47
2018-06-30T06:27:37-0700,5957,62.85,28.47
2018-06-30T06:32:37-0700,5958,62.85,28.47
2018-06-30T06:37:37-0700,5959,62.87,28.47
2018-06-30T06:42:37-0700,5960,62.56,28.48
2018-06-30T06:47:37-0700,5961,62.38,28.48
2018-06-30T06:52:38-0700,5962,62.41,28.48
2018-06-30T06:57:38-0700,5963,62.42,28.48
2018-06-30T07:02:38-0700,5964,62.29,28.48
2018-06-30T07:07:38-0700,5965,62.36,28.48
2018-06-30T07:12:38-0700,5966,62.21,28.48
2018-06-30T07:17:38-0700,5967,62.17,28.49
2018-06-30T07:22:38-0700,5968,61.90,28.49
2018-06-30T07:27:39-0700,5969,61.55,28.49
2018-06-30T07:32:39-0700,5970,61.09,28.49
2018-06-30T07:37:39-0700,5971,60.89,28.49
2018-06-30T07:42:39-0700,5972,60.52,28.49
2018-06-30T07:47:40-0700,5973,60.16,28.49
2018-06-30T07:52:40-0700,5974,60.06,28.49
2018-06-30T07:57:40-0700,5975,60.04,28.49
2018-06-30T08:02:40-0700,5976,59.88,28.49
2018-06-30T08:07:40-0700,5977,59.80,28.50
2018-06-30T08:12:40-0700,5978,59.91,28.50
2018-06-30T08:17:41-0700,5979,60.13,28.50
2018-06-30T08:22:41-0700,5980,60.24,28.50
2018-06-30T08:27:41-0700,5981,60.43,28.50
2018-06-30T08:32:41-0700,5982,60.54,28.50
2018-06-30T08:37:41-0700,5983,60.76,28.50
2018-06-30T08:42:41-0700,5984,61.03,28.50
2018-06-30T08:47:42-0700,5985,61.38,28.50
2018-06-30T08:52:42-0700,5986,61.82,28.51
2018-06-30T08:57:42-0700,5987,62.24,28.51
2018-06-30T09:02:42-0700,5988,62.49,28.51
2018-06-30T09:07:42-0700,5989,62.55,28.51
2018-06-30T09:12:43-0700,5990,62.73,28.51
2018-06-30T09:17:43-0700,5991,63.07,28.51
2018-06-30T09:22:43-0700,5992,63.31,28.51
2018-06-30T09:27:43-0700,5993,63.62,28.51
2018-06-30T09:32:43-0700,5994,64.03,28.51
2018-06-30T09:37:43-0700,5995,64.27,28.51
2018-06-30T09:42:44-0700,5996,64.57,28.51
2018-06-30T09:47:44-0700,5997,64.89,28.51
2018-06-30T09:52:44-0700,5998,64.94,28.51
2018-06-30T09:57:44-0700,5999,65.27,28.52
2018-06-30T10:02:44-0700,6000,65.81,28.52
2018-06-30T10:07:44-0700,6001,66.04,28.52
2018-06-30T10:12:44-0700,6002,66.19,28.52
2018-06-30T10:17:44-0700,6003,66.59,28.52
2018-06-30T10:22:44-0700,6004,66.97,28.52
2018-06-30T10:27:44-0700,6005,67.22,28.52
2018-06-30T10:32:44-0700,6006,67.78,28.52
2018-06-30T10:37:44-0700,6007,68.22,28.52
2018-06-30T10:42:45-0700,6008,68.37,28.52
2018-06-30T10:47:45-0700,6009,68.42,28.52
2018-06-30T10:52:45-0700,6010,68.93,28.52
2018-06-30T10:57:45-0700,6011,69.42,28.52
2018-06-30T11:02:45-0700,6012,69.65,28.52
2018-06-30T11:07:45-0700,6013,69.84,28.52
2018-06-30T11:12:45-0700,6014,70.15,28.52
2018-06-30T11:17:45-0700,6015,70.51,28.52
2018-06-30T11:22:45-0700,6016,70.71,28.53
2018-06-30T11:27:46-0700,6017,70.69,28.53
2018-06-30T11:32:46-0700,6018,70.78,28.53
2018-06-30T11:37:46-0700,6019,70.93,28.53
2018-06-30T11:42:46-0700,6020,70.56,28.53
2018-06-30T11:47:46-0700,6021,70.59,28.53
2018-06-30T11:52:46-0700,6022,70.96,28.53
2018-06-30T11:57:47-0700,6023,71.15,28.53
2018-06-30T12:02:47-0700,6024,71.62,28.53
2018-06-30T12:07:47-0700,6025,71.16,28.53
2018-06-30T12:12:47-0700,6026,71.83,28.53
2018-06-30T12:17:47-0700,6027,72.01,28.53
2018-06-30T12:22:47-0700,6028,71.90,28.53
2018-06-30T12:27:47-0700,6029,72.34,28.53
2018-06-30T12:32:48-0700,6030,72.27,28.53
2018-06-30T12:37:48-0700,6031,72.12,28.53
2018-06-30T12:42:48-0700,6032,72.51,28.53
2018-06-30T12:47:49-0700,6033,73.01,28.53
2018-06-30T12:52:49-0700,6034,73.10,28.53
2018-06-30T12:57:49-0700,6035,72.58,28.53
2018-06-30T13:02:49-0700,6036,72.38,28.53
2018-06-30T13:07:49-0700,6037,72.22,28.53
2018-06-30T13:12:50-0700,6038,72.30,28.53
2018-06-30T13:17:50-0700,6039,72.24,28.53
2018-06-30T13:22:50-0700,6040,72.46,28.53
2018-06-30T13:27:50-0700,6041,72.87,28.53
2018-06-30T13:32:50-0700,6042,73.15,28.53
2018-06-30T13:37:51-0700,6043,72.91,28.53
2018-06-30T13:42:51-0700,6044,72.96,28.53
2018-06-30T13:47:51-0700,6045,73.11,28.53
2018-06-30T13:52:51-0700,6046,73.49,28.53
2018-06-30T13:57:51-0700,6047,73.53,28.53
2018-06-30T14:02:51-0700,6048,73.52,28.54
2018-06-30T14:07:52-0700,6049,73.53,28.53
2018-06-30T14:12:52-0700,6050,73.08,28.53
2018-06-30T14:17:52-0700,6051,72.86,28.53
2018-06-30T14:22:52-0700,6052,72.46,28.53
2018-06-30T14:27:52-0700,6053,72.89,28.53
2018-06-30T14:32:53-0700,6054,72.90,28.53
2018-06-30T14:37:53-0700,6055,72.83,28.53
2018-06-30T14:42:53-0700,6056,72.46,28.53
2018-06-30T14:47:53-0700,6057,71.55,28.53
2018-06-30T14:52:53-0700,6058,72.07,28.53
2018-06-30T14:57:54-0700,6059,71.91,28.53
2018-06-30T15:02:54-0700,6060,71.66,28.53
2018-06-30T15:07:54-0700,6061,71.14,28.53
2018-06-30T15:12:54-0700,6062,71.65,28.53
2018-06-30T15:17:54-0700,6063,71.53,28.53
2018-06-30T15:22:54-0700,6064,71.27,28.53
2018-06-30T15:27:55-0700,6065,71.35,28.53
2018-06-30T15:32:55-0700,6066,71.66,28.52
2018-06-30T15:37:55-0700,6067,71.55,28.52
2018-06-30T15:42:55-0700,6068,71.70,28.52
2018-06-30T15:47:56-0700,6069,71.66,28.52
2018-06-30T15:52:56-0700,6070,71.82,28.52
2018-06-30T15:57:56-0700,6071,71.33,28.52
2018-06-30T16:02:56-0700,6072,70.92,28.52
2018-06-30T16:07:56-0700,6073,70.16,28.52
2018-06-30T16:12:57-0700,6074,70.13,28.52
2018-06-30T16:17:57-0700,6075,69.79,28.52
2018-06-30T16:22:57-0700,6076,69.99,28.52
2018-06-30T16:27:57-0700,6077,70.15,28.52
2018-06-30T16:32:57-0700,6078,70.49,28.52
2018-06-30T16:37:58-0700,6079,69.29,28.52
2018-06-30T16:42:58-0700,6080,69.13,28.52
2018-06-30T16:47:58-0700,6081,69.64,28.52
2018-06-30T16:52:58-0700,6082,69.84,28.52
2018-06-30T16:57:58-0700,6083,69.63,28.52
2018-06-30T17:02:58-0700,6084,69.30,28.52
2018-06-30T17:07:59-0700,6085,69.55,28.52
2018-06-30T17:12:59-0700,6086,69.32,28.52
2018-06-30T17:17:59-0700,6087,69.70,28.53
2018-06-30T17:22:59-0700,6088,68.90,28.53
2018-06-30T17:27:59-0700,6089,68.94,28.53
2018-06-30T17:32:59-0700,6090,69.06,28.52
2018-06-30T17:38:00-0700,6091,68.90,28.53
2018-06-30T17:43:00-0700,6092,68.65,28.53
2018-06-30T17:48:00-0700,6093,68.52,28.52
2018-06-30T17:53:00-0700,6094,68.48,28.52
2018-06-30T17:58:00-0700,6095,68.53,28.52
2018-06-30T18:03:01-0700,6096,68.39,28.52
2018-06-30T18:08:01-0700,6097,68.56,28.52
2018-06-30T18:13:01-0700,6098,68.25,28.52
2018-06-30T18:18:01-0700,6099,67.92,28.52
2018-06-30T18:23:01-0700,6100,68.57,28.52
2018-06-30T18:28:01-0700,6101,68.46,28.52
2018-06-30T18:33:01-0700,6102,67.85,28.52
2018-06-30T18:38:02-0700,6103,68.44,28.52
2018-06-30T18:43:02-0700,6104,68.42,28.52
2018-06-30T18:48:02-0700,6105,67.88,28.52
2018-06-30T18:53:02-0700,6106,67.60,28.52
2018-06-30T18:58:02-0700,6107,67.52,28.52
2018-06-30T19:03:03-0700,6108,67.76,28.53
2018-06-30T19:08:03-0700,6109,67.58,28.53
2018-06-30T19:13:03-0700,6110,67.60,28.53
2018-06-30T19:18:03-0700,6111,67.77,28.53
2018-06-30T19:23:03-0700,6112,67.40,28.53
2018-06-30T19:28:03-0700,6113,67.09,28.53
2018-06-30T19:33:04-0700,6114,66.59,28.53
2018-06-30T19:38:04-0700,6115,65.95,28.53
2018-06-30T19:43:04-0700,6116,65.60,28.53
2018-06-30T19:48:04-0700,6117,65.25,28.53
2018-06-30T19:53:04-0700,6118,64.82,28.53
2018-06-30T19:58:05-0700,6119,64.72,28.53
2018-06-30T20:03:05-0700,6120,64.36,28.53
2018-06-30T20:08:05-0700,6121,64.00,28.53
2018-06-30T20:13:05-0700,6122,63.26,28.53
2018-06-30T20:18:05-0700,6123,62.77,28.53
2018-06-30T20:23:05-0700,6124,62.72,28.53
2018-06-30T20:28:05-0700,6125,62.70,28.53
2018-06-30T20:33:05-0700,6126,62.57,28.53
2018-06-30T20:38:06-0700,6127,62.01,28.53
2018-06-30T20:43:06-0700,6128,61.65,28.53
2018-06-30T20:48:06-0700,6129,61.50,28.53
2018-06-30T20:53:06-0700,6130,61.14,28.54
2018-06-30T20:58:06-0700,6131,60.63,28.54
2018-06-30T21:03:06-0700,6132,60.27,28.54
2018-06-30T21:08:06-0700,6133,60.16,28.54
2018-06-30T21:13:06-0700,6134,60.00,28.54
2018-06-30T21:18:07-0700,6135,59.78,28.54
2018-06-30T21:23:07-0700,6136,59.82,28.54
2018-06-30T21:28:07-0700,6137,59.88,28.54
2018-06-30T21:33:07-0700,6138,59.67,28.54
2018-06-30T21:38:07-0700,6139,59.43,28.54
2018-06-30T21:43:07-0700,6140,59.39,28.54
2018-06-30T21:48:07-0700,6141,59.41,28.54
2018-06-30T21:53:08-0700,6142,59.30,28.54
2018-06-30T21:58:08-0700,6143,59.08,28.54
2018-06-30T22:03:08-0700,6144,58.99,28.54
2018-06-30T22:08:08-0700,6145,58.81,28.54
2018-06-30T22:13:08-0700,6146,58.86,28.54
2018-06-30T22:18:09-0700,6147,58.68,28.54
2018-06-30T22:23:09-0700,6148,58.63,28.54
2018-06-30T22:28:09-0700,6149,58.63,28.54
2018-06-30T22:33:09-0700,6150,58.57,28.54
2018-06-30T22:38:09-0700,6151,58.21,28.54
2018-06-30T22:43:09-0700,6152,58.25,28.54
2018-06-30T22:48:10-0700,6153,58.08,28.54
2018-06-30T22:53:10-0700,6154,57.98,28.54
2018-06-30T22:58:10-0700,6155,57.81,28.54
2018-06-30T23:03:10-0700,6156,57.65,28.54
2018-06-30T23:08:11-0700,6157,57.73,28.54
2018-06-30T23:13:11-0700,6158,57.69,28.54
2018-06-30T23:18:11-0700,6159,57.43,28.53
2018-06-30T23:23:11-0700,6160,57.54,28.53
2018-06-30T23:28:12-0700,6161,57.47,28.53
2018-06-30T23:33:12-0700,6162,57.31,28.53
2018-06-30T23:38:12-0700,6163,57.07,28.53
2018-06-30T23:43:12-0700,6164,57.10,28.53
2018-06-30T23:48:12-0700,6165,57.32,28.53
2018-06-30T23:53:12-0700,6166,57.46,28.53
2018-06-30T23:58:13-0700,6167,57.47,28.53
2018-07-01T00:03:13-0700,6168,57.22,28.53
2018-07-01T00:08:13-0700,6169,56.83,28.53
2018-07-01T00:13:13-0700,6170,56.93,28.53
2018-07-01T00:18:13-0700,6171,57.07,28.53
2018-07-01T00:23:13-0700,6172,57.19,28.53
2018-07-01T00:28:13-0700,6173,57.11,28.53
2018-07-01T00:33:14-0700,6174,57.09,28.53
2018-07-01T00:38:14-0700,6175,57.09,28.53
2018-07-01T00:43:14-0700,6176,57.12,28.53
2018-07-01T00:48:14-0700,6177,56.81,28.53
2018-07-01T00:53:14-0700,6178,56.65,28.53
2018-07-01T00:58:14-0700,6179,56.56,28.53
2018-07-01T01:03:15-0700,6180,56.50,28.53
2018-07-01T01:08:15-0700,6181,56.52,28.53
2018-07-01T01:13:15-0700,6182,57.02,28.52
2018-07-01T01:18:15-0700,6183,57.12,28.52
2018-07-01T01:23:15-0700,6184,56.98,28.52
2018-07-01T01:28:15-0700,6185,56.81,28.52
2018-07-01T01:33:15-0700,6186,56.89,28.52
2018-07-01T01:38:16-0700,6187,57.06,28.53
2018-07-01T01:43:16-0700,6188,57.17,28.52
2018-07-01T01:48:16-0700,6189,57.12,28.52
2018-07-01T01:53:16-0700,6190,57.01,28.52
2018-07-01T01:58:16-0700,6191,57.05,28.52
2018-07-01T02:03:16-0700,6192,57.13,28.52
2018-07-01T02:08:16-0700,6193,57.22,28.52
2018-07-01T02:13:16-0700,6194,57.28,28.52
2018-07-01T02:18:17-0700,6195,57.29,28.52
2018-07-01T02:23:17-0700,6196,57.22,28.52
2018-07-01T02:28:17-0700,6197,57.15,28.52
2018-07-01T02:33:17-0700,6198,57.21,28.53
2018-07-01T02:38:17-0700,6199,57.15,28.53
2018-07-01T02:43:17-0700,6200,57.12,28.52
2018-07-01T02:48:18-0700,6201,57.07,28.52
2018-07-01T02:53:18-0700,6202,57.12,28.52
2018-07-01T02:58:18-0700,6203,57.06,28.52
2018-07-01T03:03:18-0700,6204,57.12,28.52
2018-07-01T03:08:19-0700,6205,57.15,28.52
2018-07-01T03:13:19-0700,6206,57.20,28.52
2018-07-01T03:18:19-0700,6207,57.19,28.52
2018-07-01T03:23:19-0700,6208,57.05,28.52
2018-07-01T03:28:19-0700,6209,57.01,28.52
2018-07-01T03:33:20-0700,6210,57.20,28.52
2018-07-01T03:38:20-0700,6211,57.30,28.52
2018-07-01T03:43:20-0700,6212,57.35,28.53
2018-07-01T03:48:20-0700,6213,57.23,28.53
2018-07-01T03:53:20-0700,6214,57.09,28.53
2018-07-01T03:58:21-0700,6215,57.07,28.53
2018-07-01T04:03:21-0700,6216,57.00,28.53
2018-07-01T04:08:21-0700,6217,56.92,28.53
2018-07-01T04:13:21-0700,6218,56.90,28.53
2018-07-01T04:18:21-0700,6219,56.94,28.53
2018-07-01T04:23:22-0700,6220,56.91,28.53
2018-07-01T04:28:22-0700,6221,56.96,28.53
2018-07-01T04:33:22-0700,6222,56.76,28.53
2018-07-01T04:38:22-0700,6223,56.23,28.53
2018-07-01T04:43:22-0700,6224,56.54,28.53
2018-07-01T04:48:22-0700,6225,56.82,28.53
2018-07-01T04:53:22-0700,6226,56.79,28.53
2018-07-01T04:58:22-0700,6227,56.80,28.53
2018-07-01T05:03:22-0700,6228,56.79,28.53
2018-07-01T05:08:22-0700,6229,56.74,28.53
2018-07-01T05:13:23-0700,6230,56.80,28.54
2018-07-01T05:18:23-0700,6231,56.94,28.54
2018-07-01T05:23:23-0700,6232,56.95,28.54
2018-07-01T05:28:24-0700,6233,57.02,28.54
2018-07-01T05:33:24-0700,6234,57.10,28.54
2018-07-01T05:38:24-0700,6235,56.93,28.54
2018-07-01T05:43:24-0700,6236,57.00,28.54
2018-07-01T05:48:24-0700,6237,57.08,28.54
2018-07-01T05:53:24-0700,6238,57.02,28.54
2018-07-01T05:58:25-0700,6239,57.02,28.54
2018-07-01T06:03:25-0700,6240,57.21,28.54
2018-07-01T06:08:25-0700,6241,57.24,28.54
2018-07-01T06:13:25-0700,6242,57.20,28.54
2018-07-01T06:18:25-0700,6243,57.39,28.55
2018-07-01T06:23:25-0700,6244,57.46,28.55
2018-07-01T06:28:26-0700,6245,57.53,28.55
2018-07-01T06:33:26-0700,6246,57.62,28.55
2018-07-01T06:38:26-0700,6247,57.76,28.55
2018-07-01T06:43:26-0700,6248,57.88,28.55
2018-07-01T06:48:27-0700,6249,57.94,28.55
2018-07-01T06:53:27-0700,6250,58.02,28.55
2018-07-01T06:58:27-0700,6251,58.17,28.55
2018-07-01T07:03:27-0700,6252,58.27,28.55
2018-07-01T07:08:28-0700,6253,58.45,28.55
2018-07-01T07:13:28-0700,6254,58.61,28.55
2018-07-01T07:18:28-0700,6255,58.71,28.55
2018-07-01T07:23:28-0700,6256,58.81,28.55
2018-07-01T07:28:28-0700,6257,58.86,28.55
2018-07-01T07:33:28-0700,6258,59.08,28.55
2018-07-01T07:38:28-0700,6259,59.26,28.55
2018-07-01T07:43:28-0700,6260,59.51,28.55
2018-07-01T07:48:28-0700,6261,59.69,28.55
2018-07-01T07:53:28-0700,6262,59.90,28.55
2018-07-01T07:58:29-0700,6263,60.13,28.55
2018-07-01T08:03:29-0700,6264,60.44,28.55
2018-07-01T08:08:29-0700,6265,60.90,28.55
2018-07-01T08:13:29-0700,6266,61.19,28.55
2018-07-01T08:18:30-0700,6267,61.39,28.55
2018-07-01T08:23:30-0700,6268,61.65,28.55
2018-07-01T08:28:30-0700,6269,61.93,28.55
2018-07-01T08:33:30-0700,6270,62.46,28.55
2018-07-01T08:38:31-0700,6271,62.76,28.55
2018-07-01T08:43:31-0700,6272,63.06,28.55
2018-07-01T08:48:31-0700,6273,63.39,28.56
2018-07-01T08:53:31-0700,6274,63.67,28.56
2018-07-01T08:58:32-0700,6275,64.07,28.56
2018-07-01T09:03:32-0700,6276,64.35,28.56
2018-07-01T09:08:32-0700,6277,64.61,28.56
2018-07-01T09:13:32-0700,6278,65.00,28.56
2018-07-01T09:18:33-0700,6279,65.16,28.56
2018-07-01T09:23:33-0700,6280,65.64,28.56
2018-07-01T09:28:33-0700,6281,65.78,28.56
2018-07-01T09:33:33-0700,6282,65.91,28.56
2018-07-01T09:38:33-0700,6283,66.36,28.56
2018-07-01T09:43:33-0700,6284,66.68,28.56
2018-07-01T09:48:33-0700,6285,66.92,28.56
2018-07-01T09:53:34-0700,6286,67.18,28.56
2018-07-01T09:58:34-0700,6287,67.54,28.56
2018-07-01T10:03:34-0700,6288,67.89,28.56
2018-07-01T10:08:34-0700,6289,67.96,28.56
2018-07-01T10:13:34-0700,6290,68.17,28.57
2018-07-01T10:18:34-0700,6291,68.49,28.57
2018-07-01T10:23:35-0700,6292,68.83,28.57
2018-07-01T10:28:35-0700,6293,69.10,28.57
2018-07-01T10:33:35-0700,6294,69.31,28.57
2018-07-01T10:38:35-0700,6295,69.41,28.57
2018-07-01T10:43:35-0700,6296,69.51,28.57
2018-07-01T10:48:36-0700,6297,69.59,28.57
2018-07-01T10:53:36-0700,6298,70.03,28.57
2018-07-01T10:58:36-0700,6299,70.06,28.57
2018-07-01T11:03:36-0700,6300,69.88,28.57
2018-07-01T11:08:36-0700,6301,70.10,28.57
2018-07-01T11:13:36-0700,6302,70.61,28.57
2018-07-01T11:18:36-0700,6303,70.97,28.57
2018-07-01T11:23:36-0700,6304,70.53,28.57
2018-07-01T11:28:37-0700,6305,70.59,28.58
2018-07-01T11:33:37-0700,6306,70.61,28.58
2018-07-01T11:38:37-0700,6307,70.99,28.58
2018-07-01T11:43:37-0700,6308,70.87,28.58
2018-07-01T11:48:37-0700,6309,70.86,28.58
2018-07-01T11:53:37-0700,6310,70.60,28.58
2018-07-01T11:58:37-0700,6311,70.82,28.58
2018-07-01T12:03:37-0700,6312,70.62,28.59
2018-07-01T12:08:38-0700,6313,70.09,28.59
2018-07-01T12:13:38-0700,6314,69.67,28.59
2018-07-01T12:18:38-0700,6315,69.36,28.59
2018-07-01T12:23:38-0700,6316,68.82,28.59
2018-07-01T12:28:38-0700,6317,68.46,28.60
2018-07-01T12:33:38-0700,6318,68.53,28.60
2018-07-01T12:38:39-0700,6319,68.51,28.59
2018-07-01T12:43:39-0700,6320,68.25,28.60
2018-07-01T12:48:39-0700,6321,67.65,28.60
2018-07-01T12:53:39-0700,6322,68.34,28.60
2018-07-01T12:58:40-0700,6323,68.48,28.60
2018-07-01T13:03:40-0700,6324,67.94,28.60
2018-07-01T13:08:40-0700,6325,67.79,28.60
2018-07-01T13:13:40-0700,6326,68.14,28.60
2018-07-01T13:18:41-0700,6327,68.88,28.60
2018-07-01T13:23:41-0700,6328,68.83,28.60
2018-07-01T13:28:41-0700,6329,69.38,28.60
2018-07-01T13:33:41-0700,6330,68.95,28.60
2018-07-01T13:38:42-0700,6331,68.97,28.60
2018-07-01T13:43:42-0700,6332,69.27,28.60
2018-07-01T13:48:42-0700,6333,69.22,28.60
2018-07-01T13:53:42-0700,6334,70.10,28.60
2018-07-01T13:58:43-0700,6335,69.78,28.60
2018-07-01T14:03:43-0700,6336,70.81,28.60
2018-07-01T14:08:43-0700,6337,70.21,28.60
2018-07-01T14:13:43-0700,6338,71.16,28.60
2018-07-01T14:18:43-0700,6339,71.12,28.60
2018-07-01T14:23:43-0700,6340,71.05,28.60
2018-07-01T14:28:44-0700,6341,70.30,28.60
2018-07-01T14:33:44-0700,6342,70.40,28.60
2018-07-01T14:38:44-0700,6343,69.86,28.60
2018-07-01T14:43:44-0700,6344,69.57,28.60
2018-07-01T14:48:44-0700,6345,69.63,28.60
2018-07-01T14:53:45-0700,6346,69.62,28.60
2018-07-01T14:58:45-0700,6347,69.03,28.60
2018-07-01T15:03:45-0700,6348,69.12,28.60
2018-07-01T15:08:45-0700,6349,69.48,28.60
2018-07-01T15:13:46-0700,6350,69.43,28.60
2018-07-01T15:18:46-0700,6351,69.44,28.60
2018-07-01T15:23:46-0700,6352,69.10,28.60
2018-07-01T15:28:46-0700,6353,68.79,28.60
2018-07-01T15:33:47-0700,6354,68.08,28.60
2018-07-01T15:38:47-0700,6355,67.55,28.60
2018-07-01T15:43:47-0700,6356,67.79,28.60
2018-07-01T15:48:47-0700,6357,67.32,28.60
2018-07-01T15:53:47-0700,6358,67.13,28.60
2018-07-01T15:58:48-0700,6359,66.89,28.60
2018-07-01T16:03:48-0700,6360,66.57,28.60
2018-07-01T16:08:48-0700,6361,66.49,28.59
2018-07-01T16:13:48-0700,6362,66.41,28.59
2018-07-01T16:18:48-0700,6363,66.23,28.59
2018-07-01T16:23:48-0700,6364,65.91,28.59
2018-07-01T16:28:49-0700,6365,65.62,28.59
2018-07-01T16:33:49-0700,6366,65.42,28.59
2018-07-01T16:38:49-0700,6367,65.68,28.59
2018-07-01T16:43:49-0700,6368,65.56,28.59
2018-07-01T16:48:49-0700,6369,65.42,28.59
2018-07-01T16:53:50-0700,6370,65.46,28.59
2018-07-01T16:58:50-0700,6371,64.99,28.59
2018-07-01T17:03:50-0700,6372,64.92,28.59
2018-07-01T17:08:50-0700,6373,64.80,28.59
2018-07-01T17:13:50-0700,6374,64.66,28.59
2018-07-01T17:18:51-0700,6375,64.43,28.59
2018-07-01T17:23:51-0700,6376,64.18,28.59
2018-07-01T17:28:51-0700,6377,63.79,28.59
2018-07-01T17:33:51-0700,6378,63.13,28.59
2018-07-01T17:38:51-0700,6379,63.22,28.58
2018-07-01T17:43:51-0700,6380,63.55,28.58
2018-07-01T17:48:51-0700,6381,63.26,28.58
2018-07-01T17:53:52-0700,6382,63.61,28.58
2018-07-01T17:58:52-0700,6383,63.12,28.58
2018-07-01T18:03:52-0700,6384,63.85,28.58
2018-07-01T18:08:52-0700,6385,63.25,28.58
2018-07-01T18:13:52-0700,6386,63.53,28.58
2018-07-01T18:18:53-0700,6387,62.89,28.58
2018-07-01T18:23:53-0700,6388,63.51,28.58
2018-07-01T18:28:53-0700,6389,63.67,28.58
2018-07-01T18:33:53-0700,6390,63.55,28.58
2018-07-01T18:38:54-0700,6391,63.93,28.58
2018-07-01T18:43:54-0700,6392,63.83,28.58
2018-07-01T18:48:54-0700,6393,63.62,28.58
2018-07-01T18:53:54-0700,6394,64.02,28.58
2018-07-01T18:58:54-0700,6395,63.97,28.58
2018-07-01T19:03:55-0700,6396,64.26,28.58
2018-07-01T19:08:55-0700,6397,63.70,28.58
2018-07-01T19:13:55-0700,6398,63.72,28.58
2018-07-01T19:18:55-0700,6399,63.48,28.58
2018-07-01T19:23:56-0700,6400,63.71,28.57
2018-07-01T19:28:56-0700,6401,63.49,28.58
2018-07-01T19:33:56-0700,6402,62.58,28.57
2018-07-01T19:38:56-0700,6403,62.11,28.58
2018-07-01T19:43:56-0700,6404,61.87,28.58
2018-07-01T19:48:56-0700,6405,61.44,28.57
2018-07-01T19:53:56-0700,6406,61.16,28.57
2018-07-01T19:58:57-0700,6407,60.81,28.57
2018-07-01T20:03:57-0700,6408,60.34,28.57
2018-07-01T20:08:57-0700,6409,60.24,28.57
2018-07-01T20:13:57-0700,6410,59.92,28.57
2018-07-01T20:18:58-0700,6411,59.61,28.57
2018-07-01T20:23:58-0700,6412,59.41,28.57
2018-07-01T20:28:58-0700,6413,59.08,28.57
2018-07-01T20:33:59-0700,6414,58.68,28.57
2018-07-01T20:38:59-0700,6415,58.35,28.57
2018-07-01T20:43:59-0700,6416,58.12,28.57
2018-07-01T20:48:59-0700,6417,57.87,28.57
2018-07-01T20:53:59-0700,6418,57.56,28.57
2018-07-01T20:58:59-0700,6419,57.43,28.57
2018-07-01T21:04:00-0700,6420,57.46,28.57
2018-07-01T21:09:00-0700,6421,57.58,28.57
2018-07-01T21:14:00-0700,6422,57.16,28.57
2018-07-01T21:19:01-0700,6423,56.61,28.57
2018-07-01T21:24:01-0700,6424,56.71,28.57
2018-07-01T21:29:01-0700,6425,57.12,28.57
2018-07-01T21:34:01-0700,6426,56.88,28.57
2018-07-01T21:39:01-0700,6427,56.59,28.57
2018-07-01T21:44:01-0700,6428,56.15,28.57
2018-07-01T21:49:02-0700,6429,56.20,28.57
2018-07-01T21:54:02-0700,6430,55.57,28.57
2018-07-01T21:59:02-0700,6431,55.98,28.57
2018-07-01T22:04:02-0700,6432,56.29,28.57
2018-07-01T22:09:02-0700,6433,56.54,28.57
2018-07-01T22:14:02-0700,6434,56.54,28.57
2018-07-01T22:19:02-0700,6435,56.54,28.57
2018-07-01T22:24:03-0700,6436,56.51,28.57
2018-07-01T22:29:03-0700,6437,56.24,28.57
2018-07-01T22:34:03-0700,6438,56.11,28.57
2018-07-01T22:39:03-0700,6439,56.19,28.56
2018-07-01T22:44:03-0700,6440,56.26,28.56
2018-07-01T22:49:03-0700,6441,56.16,28.56
2018-07-01T22:54:04-0700,6442,56.20,28.56
2018-07-01T22:59:04-0700,6443,56.03,28.56
2018-07-01T23:04:04-0700,6444,55.99,28.56
2018-07-01T23:09:04-0700,6445,55.63,28.56
2018-07-01T23:14:05-0700,6446,55.71,28.56
2018-07-01T23:19:05-0700,6447,55.96,28.56
2018-07-01T23:24:05-0700,6448,56.00,28.56
2018-07-01T23:29:05-0700,6449,55.85,28.56
2018-07-01T23:34:05-0700,6450,55.94,28.55
2018-07-01T23:39:05-0700,6451,55.81,28.55
2018-07-01T23:44:05-0700,6452,55.87,28.55
2018-07-01T23:49:06-0700,6453,55.22,28.55
2018-07-01T23:54:06-0700,6454,54.98,28.55
2018-07-01T23:59:06-0700,6455,54.88,28.55
2018-07-02T00:04:06-0700,6456,54.89,28.55
2018-07-02T00:09:06-0700,6457,54.81,28.55
2018-07-02T00:14:06-0700,6458,55.15,28.55
2018-07-02T00:19:07-0700,6459,54.86,28.55
2018-07-02T00:24:07-0700,6460,54.47,28.55
2018-07-02T00:29:07-0700,6461,54.31,28.55
2018-07-02T00:34:07-0700,6462,54.51,28.55
2018-07-02T00:39:07-0700,6463,54.41,28.55
2018-07-02T00:44:07-0700,6464,54.45,28.55
2018-07-02T00:49:07-0700,6465,54.44,28.55
2018-07-02T00:54:07-0700,6466,54.60,28.55
2018-07-02T00:59:07-0700,6467,54.73,28.55
2018-07-02T01:04:07-0700,6468,54.62,28.55
2018-07-02T01:09:08-0700,6469,54.60,28.55
2018-07-02T01:14:08-0700,6470,54.42,28.55
2018-07-02T01:19:08-0700,6471,54.33,28.55
2018-07-02T01:24:08-0700,6472,54.30,28.55
2018-07-02T01:29:08-0700,6473,54.32,28.55
2018-07-02T01:34:08-0700,6474,54.11,28.55
2018-07-02T01:39:08-0700,6475,54.14,28.55
2018-07-02T01:44:08-0700,6476,54.16,28.55
2018-07-02T01:49:09-0700,6477,54.29,28.54
2018-07-02T01:54:09-0700,6478,54.03,28.54
2018-07-02T01:59:09-0700,6479,54.15,28.54
2018-07-02T02:04:09-0700,6480,54.47,28.54
2018-07-02T02:09:09-0700,6481,54.59,28.54
2018-07-02T02:14:10-0700,6482,54.40,28.53
2018-07-02T02:19:10-0700,6483,54.15,28.53
2018-07-02T02:24:10-0700,6484,54.05,28.53
2018-07-02T02:29:10-0700,6485,54.01,28.53
2018-07-02T02:34:10-0700,6486,54.13,28.53
2018-07-02T02:39:10-0700,6487,54.15,28.53
2018-07-02T02:44:10-0700,6488,54.46,28.53
2018-07-02T02:49:11-0700,6489,54.40,28.53
2018-07-02T02:54:11-0700,6490,54.13,28.52
2018-07-02T02:59:11-0700,6491,54.01,28.52
2018-07-02T03:04:11-0700,6492,53.84,28.52
2018-07-02T03:09:11-0700,6493,53.74,28.52
2018-07-02T03:14:12-0700,6494,53.88,28.52
2018-07-02T03:19:12-0700,6495,53.94,28.52
2018-07-02T03:24:12-0700,6496,53.91,28.52
2018-07-02T03:29:12-0700,6497,53.90,28.52
2018-07-02T03:34:12-0700,6498,53.76,28.52
2018-07-02T03:39:12-0700,6499,53.58,28.52
2018-07-02T03:44:12-0700,6500,53.42,28.52
2018-07-02T03:49:12-0700,6501,53.33,28.52
2018-07-02T03:54:12-0700,6502,53.36,28.52
2018-07-02T03:59:13-0700,6503,53.19,28.52
2018-07-02T04:04:13-0700,6504,52.87,28.52
2018-07-02T04:09:13-0700,6505,52.83,28.51
2018-07-02T04:14:13-0700,6506,52.88,28.52
2018-07-02T04:19:14-0700,6507,52.97,28.51
2018-07-02T04:24:14-0700,6508,52.70,28.51
2018-07-02T04:29:14-0700,6509,52.48,28.51
2018-07-02T04:34:14-0700,6510,52.32,28.51
2018-07-02T04:39:14-0700,6511,52.36,28.51
2018-07-02T04:44:14-0700,6512,52.32,28.51
2018-07-02T04:49:14-0700,6513,52.19,28.51
2018-07-02T04:54:14-0700,6514,52.14,28.51
2018-07-02T04:59:15-0700,6515,52.07,28.51
2018-07-02T05:04:15-0700,6516,52.22,28.51
2018-07-02T05:09:15-0700,6517,52.06,28.51
2018-07-02T05:14:15-0700,6518,51.97,28.51
2018-07-02T05:19:15-0700,6519,51.83,28.51
2018-07-02T05:24:15-0700,6520,51.82,28.51
2018-07-02T05:29:15-0700,6521,51.85,28.51
2018-07-02T05:34:15-0700,6522,52.04,28.51
2018-07-02T05:39:16-0700,6523,52.11,28.51
2018-07-02T05:44:16-0700,6524,51.81,28.51
2018-07-02T05:49:16-0700,6525,51.77,28.51
2018-07-02T05:54:16-0700,6526,51.65,28.51
2018-07-02T05:59:16-0700,6527,51.66,28.51
2018-07-02T06:04:16-0700,6528,51.82,28.51
2018-07-02T06:09:16-0700,6529,51.65,28.52
2018-07-02T06:14:17-0700,6530,51.64,28.52
2018-07-02T06:19:17-0700,6531,51.51,28.52
2018-07-02T06:24:17-0700,6532,51.55,28.52
2018-07-02T06:29:17-0700,6533,51.48,28.52
2018-07-02T06:34:17-0700,6534,51.36,28.52
2018-07-02T06:39:17-0700,6535,51.34,28.52
2018-07-02T06:44:18-0700,6536,51.53,28.52
2018-07-02T06:49:18-0700,6537,51.67,28.52
2018-07-02T06:54:18-0700,6538,52.12,28.52
2018-07-02T06:59:18-0700,6539,52.63,28.52
2018-07-02T07:04:18-0700,6540,52.91,28.52
2018-07-02T07:09:18-0700,6541,53.30,28.52
2018-07-02T07:14:18-0700,6542,53.56,28.52
2018-07-02T07:19:19-0700,6543,53.65,28.52
2018-07-02T07:24:19-0700,6544,53.97,28.52
2018-07-02T07:29:19-0700,6545,54.25,28.52
2018-07-02T07:34:19-0700,6546,54.45,28.52
2018-07-02T07:39:19-0700,6547,55.03,28.52
2018-07-02T07:44:19-0700,6548,55.66,28.52
2018-07-02T07:49:20-0700,6549,55.93,28.52
2018-07-02T07:54:20-0700,6550,56.17,28.52
2018-07-02T07:59:20-0700,6551,56.38,28.52
2018-07-02T08:04:20-0700,6552,56.60,28.52
2018-07-02T08:09:20-0700,6553,56.83,28.52
2018-07-02T08:14:20-0700,6554,57.00,28.52
2018-07-02T08:19:20-0700,6555,57.20,28.52
2018-07-02T08:24:20-0700,6556,57.50,28.52
2018-07-02T08:29:20-0700,6557,57.76,28.53
2018-07-02T08:34:20-0700,6558,57.88,28.53
2018-07-02T08:39:21-0700,6559,58.05,28.53
2018-07-02T08:44:21-0700,6560,58.30,28.53
2018-07-02T08:49:21-0700,6561,58.39,28.53
2018-07-02T08:54:21-0700,6562,58.42,28.53
2018-07-02T08:59:21-0700,6563,58.82,28.53
2018-07-02T09:04:21-0700,6564,59.08,28.53
2018-07-02T09:09:21-0700,6565,59.34,28.54
2018-07-02T09:14:22-0700,6566,59.51,28.54
2018-07-02T09:19:22-0700,6567,59.90,28.54
2018-07-02T09:24:22-0700,6568,60.32,28.54
2018-07-02T09:29:22-0700,6569,60.63,28.54
2018-07-02T09:34:22-0700,6570,60.90,28.54
2018-07-02T09:39:22-0700,6571,61.18,28.53
2018-07-02T09:44:22-0700,6572,61.57,28.53
2018-07-02T09:49:22-0700,6573,61.94,28.53
2018-07-02T09:54:22-0700,6574,62.39,28.54
2018-07-02T09:59:22-0700,6575,62.75,28.54
2018-07-02T10:04:23-0700,6576,63.07,28.54
2018-07-02T10:09:23-0700,6577,63.49,28.54
2018-07-02T10:14:23-0700,6578,63.77,28.54
2018-07-02T10:19:23-0700,6579,63.96,28.54
2018-07-02T10:24:23-0700,6580,64.21,28.54
2018-07-02T10:29:23-0700,6581,64.55,28.54
2018-07-02T10:34:23-0700,6582,65.01,28.54
2018-07-02T10:39:24-0700,6583,65.28,28.54
2018-07-02T10:44:24-0700,6584,65.45,28.54
2018-07-02T10:49:24-0700,6585,65.59,28.54
2018-07-02T10:54:24-0700,6586,65.68,28.54
2018-07-02T10:59:24-0700,6587,66.11,28.54
2018-07-02T11:04:24-0700,6588,66.48,28.54
2018-07-02T11:09:24-0700,6589,67.04,28.55
2018-07-02T11:14:24-0700,6590,67.04,28.55
2018-07-02T11:19:25-0700,6591,67.04,28.55
2018-07-02T11:24:25-0700,6592,66.98,28.55
2018-07-02T11:29:25-0700,6593,67.63,28.55
2018-07-02T11:34:25-0700,6594,67.92,28.55
2018-07-02T11:39:25-0700,6595,67.79,28.55
2018-07-02T11:44:25-0700,6596,68.34,28.55
2018-07-02T11:49:25-0700,6597,68.53,28.55
2018-07-02T11:54:26-0700,6598,68.16,28.55
2018-07-02T11:59:26-0700,6599,68.30,28.55
2018-07-02T12:04:26-0700,6600,68.26,28.55
2018-07-02T12:09:26-0700,6601,68.40,28.55
2018-07-02T12:14:26-0700,6602,68.62,28.55
2018-07-02T12:19:26-0700,6603,68.59,28.55
2018-07-02T12:24:27-0700,6604,68.71,28.55
2018-07-02T12:29:27-0700,6605,68.59,28.55
2018-07-02T12:34:27-0700,6606,68.79,28.55
2018-07-02T12:39:27-0700,6607,68.73,28.56
2018-07-02T12:44:27-0700,6608,68.55,28.56
2018-07-02T12:49:27-0700,6609,69.21,28.56
2018-07-02T12:54:28-0700,6610,68.91,28.56
2018-07-02T12:59:28-0700,6611,68.61,28.56
2018-07-02T13:04:28-0700,6612,69.05,28.55
2018-07-02T13:09:28-0700,6613,68.80,28.55
2018-07-02T13:14:28-0700,6614,68.98,28.55
2018-07-02T13:19:28-0700,6615,69.15,28.56
2018-07-02T13:24:28-0700,6616,68.70,28.55
2018-07-02T13:29:29-0700,6617,68.79,28.55
2018-07-02T13:34:29-0700,6618,69.20,28.55
2018-07-02T13:39:29-0700,6619,69.64,28.55
2018-07-02T13:44:29-0700,6620,69.42,28.55
2018-07-02T13:49:29-0700,6621,69.21,28.55
2018-07-02T13:54:29-0700,6622,69.27,28.55
2018-07-02T13:59:30-0700,6623,70.61,28.55
2018-07-02T14:04:30-0700,6624,70.48,28.55
2018-07-02T14:09:30-0700,6625,70.17,28.55
2018-07-02T14:14:30-0700,6626,70.27,28.55
2018-07-02T14:19:30-0700,6627,70.10,28.54
2018-07-02T14:24:31-0700,6628,70.21,28.54
2018-07-02T14:29:31-0700,6629,70.68,28.54
2018-07-02T14:34:31-0700,6630,70.15,28.54
2018-07-02T14:39:31-0700,6631,69.05,28.54
2018-07-02T14:44:32-0700,6632,69.05,28.54
2018-07-02T14:49:32-0700,6633,69.36,28.54
2018-07-02T14:54:32-0700,6634,68.87,28.54
2018-07-02T14:59:32-0700,6635,69.10,28.54
2018-07-02T15:04:32-0700,6636,69.67,28.54
2018-07-02T15:09:33-0700,6637,69.13,28.54
2018-07-02T15:14:33-0700,6638,69.12,28.54
2018-07-02T15:19:33-0700,6639,68.25,28.54
2018-07-02T15:24:33-0700,6640,68.24,28.54
2018-07-02T15:29:33-0700,6641,67.80,28.53
2018-07-02T15:34:34-0700,6642,68.23,28.53
2018-07-02T15:39:34-0700,6643,68.52,28.53
2018-07-02T15:44:34-0700,6644,67.50,28.53
2018-07-02T15:49:34-0700,6645,67.07,28.53
2018-07-02T15:54:34-0700,6646,67.15,28.53
2018-07-02T15:59:35-0700,6647,66.23,28.53
2018-07-02T16:04:35-0700,6648,66.62,28.52
2018-07-02T16:09:35-0700,6649,66.36,28.52
2018-07-02T16:14:35-0700,6650,66.34,28.52
2018-07-02T16:19:36-0700,6651,66.36,28.52
2018-07-02T16:24:36-0700,6652,66.85,28.52
2018-07-02T16:29:36-0700,6653,65.82,28.52
2018-07-02T16:34:36-0700,6654,66.01,28.52
2018-07-02T16:39:36-0700,6655,66.29,28.52
2018-07-02T16:44:37-0700,6656,66.43,28.52
2018-07-02T16:49:37-0700,6657,66.83,28.52
2018-07-02T16:54:37-0700,6658,66.24,28.52
2018-07-02T16:59:37-0700,6659,65.78,28.52
2018-07-02T17:04:37-0700,6660,65.39,28.51
2018-07-02T17:09:37-0700,6661,64.98,28.51
2018-07-02T17:14:38-0700,6662,65.16,28.51
2018-07-02T17:19:38-0700,6663,65.39,28.51
2018-07-02T17:24:38-0700,6664,64.72,28.51
2018-07-02T17:29:38-0700,6665,64.95,28.50
2018-07-02T17:34:38-0700,6666,64.85,28.50
2018-07-02T17:39:39-0700,6667,64.72,28.50
2018-07-02T17:44:39-0700,6668,64.57,28.50
2018-07-02T17:49:39-0700,6669,64.57,28.50
2018-07-02T17:54:39-0700,6670,64.18,28.50
2018-07-02T17:59:39-0700,6671,64.06,28.50
2018-07-02T18:04:39-0700,6672,64.37,28.50
2018-07-02T18:09:40-0700,6673,64.36,28.50
2018-07-02T18:14:40-0700,6674,64.29,28.50
2018-07-02T18:19:40-0700,6675,64.08,28.50
2018-07-02T18:24:40-0700,6676,64.36,28.50
2018-07-02T18:29:40-0700,6677,64.30,28.50
2018-07-02T18:34:40-0700,6678,63.85,28.50
2018-07-02T18:39:41-0700,6679,63.66,28.50
2018-07-02T18:44:41-0700,6680,63.53,28.49
2018-07-02T18:49:41-0700,6681,63.18,28.49
2018-07-02T18:54:41-0700,6682,63.45,28.49
2018-07-02T18:59:41-0700,6683,63.11,28.49
2018-07-02T19:04:42-0700,6684,62.54,28.49
2018-07-02T19:09:42-0700,6685,62.72,28.49
2018-07-02T19:14:42-0700,6686,62.84,28.49
2018-07-02T19:19:42-0700,6687,62.67,28.49
2018-07-02T19:24:43-0700,6688,61.99,28.49
2018-07-02T19:29:43-0700,6689,61.39,28.49
2018-07-02T19:34:43-0700,6690,61.22,28.49
2018-07-02T19:39:43-0700,6691,60.76,28.49
2018-07-02T19:44:44-0700,6692,60.45,28.49
2018-07-02T19:49:44-0700,6693,60.11,28.49
2018-07-02T19:54:44-0700,6694,59.88,28.49
2018-07-02T19:59:44-0700,6695,59.72,28.49
2018-07-02T20:04:44-0700,6696,59.50,28.49
2018-07-02T20:09:44-0700,6697,58.90,28.49
2018-07-02T20:14:44-0700,6698,58.50,28.49
2018-07-02T20:19:45-0700,6699,58.32,28.49
2018-07-02T20:24:45-0700,6700,58.14,28.49
2018-07-02T20:29:45-0700,6701,57.87,28.49
2018-07-02T20:34:45-0700,6702,57.62,28.49
2018-07-02T20:39:46-0700,6703,57.26,28.49
2018-07-02T20:44:46-0700,6704,57.10,28.49
2018-07-02T20:49:46-0700,6705,56.95,28.49
2018-07-02T20:54:46-0700,6706,56.67,28.49
2018-07-02T20:59:46-0700,6707,56.49,28.49
2018-07-02T21:04:47-0700,6708,56.49,28.48
2018-07-02T21:09:47-0700,6709,56.14,28.48
2018-07-02T21:14:47-0700,6710,56.06,28.48
2018-07-02T21:19:47-0700,6711,55.90,28.48
2018-07-02T21:24:47-0700,6712,55.82,28.48
2018-07-02T21:29:47-0700,6713,55.57,28.48
2018-07-02T21:34:48-0700,6714,55.61,28.49
2018-07-02T21:39:48-0700,6715,55.59,28.49
2018-07-02T21:44:48-0700,6716,55.15,28.49
2018-07-02T21:49:48-0700,6717,55.04,28.49
2018-07-02T21:54:48-0700,6718,55.05,28.49
2018-07-02T21:59:48-0700,6719,54.95,28.49
2018-07-02T22:04:48-0700,6720,55.05,28.49
2018-07-02T22:09:49-0700,6721,55.15,28.48
2018-07-02T22:14:49-0700,6722,55.15,28.48
2018-07-02T22:19:49-0700,6723,54.63,28.48
2018-07-02T22:24:49-0700,6724,54.44,28.48
2018-07-02T22:29:49-0700,6725,54.27,28.48
2018-07-02T22:34:49-0700,6726,54.21,28.48
2018-07-02T22:39:50-0700,6727,54.17,28.48
2018-07-02T22:44:50-0700,6728,54.10,28.48
2018-07-02T22:49:50-0700,6729,54.22,28.48
2018-07-02T22:54:50-0700,6730,54.18,28.48
2018-07-02T22:59:50-0700,6731,54.45,28.48
2018-07-02T23:04:50-0700,6732,54.31,28.48
2018-07-02T23:09:50-0700,6733,54.31,28.48
2018-07-02T23:14:51-0700,6734,53.84,28.48
2018-07-02T23:19:51-0700,6735,53.75,28.47
2018-07-02T23:24:51-0700,6736,53.96,28.47
2018-07-02T23:29:51-0700,6737,53.64,28.47
2018-07-02T23:34:51-0700,6738,53.74,28.47
2018-07-02T23:39:51-0700,6739,53.42,28.47
2018-07-02T23:44:51-0700,6740,53.67,28.47
2018-07-02T23:49:51-0700,6741,53.53,28.47
2018-07-02T23:54:52-0700,6742,53.79,28.48
2018-07-02T23:59:52-0700,6743,53.35,28.47
2018-07-03T00:04:52-0700,6744,53.18,28.47
2018-07-03T00:09:52-0700,6745,53.05,28.47
2018-07-03T00:14:52-0700,6746,53.16,28.47
2018-07-03T00:19:52-0700,6747,52.89,28.47
2018-07-03T00:24:53-0700,6748,52.95,28.47
2018-07-03T00:29:53-0700,6749,52.85,28.47
2018-07-03T00:34:53-0700,6750,52.71,28.47
2018-07-03T00:39:53-0700,6751,52.66,28.47
2018-07-03T00:44:53-0700,6752,52.59,28.46
2018-07-03T00:49:53-0700,6753,52.60,28.46
2018-07-03T00:54:54-0700,6754,52.67,28.46
2018-07-03T00:59:54-0700,6755,52.42,28.46
2018-07-03T01:04:54-0700,6756,52.61,28.46
2018-07-03T01:09:54-0700,6757,52.50,28.46
2018-07-03T01:14:55-0700,6758,52.37,28.46
2018-07-03T01:19:55-0700,6759,52.60,28.46
2018-07-03T01:24:55-0700,6760,52.59,28.46
2018-07-03T01:29:55-0700,6761,52.63,28.46
2018-07-03T01:34:55-0700,6762,52.43,28.46
2018-07-03T01:39:55-0700,6763,52.36,28.45
2018-07-03T01:44:56-0700,6764,52.51,28.45
2018-07-03T01:49:56-0700,6765,52.33,28.45
2018-07-03T01:54:56-0700,6766,52.18,28.45
2018-07-03T01:59:56-0700,6767,52.25,28.45
2018-07-03T02:04:56-0700,6768,52.15,28.44
2018-07-03T02:09:57-0700,6769,52.30,28.44
2018-07-03T02:14:57-0700,6770,52.27,28.44
2018-07-03T02:19:57-0700,6771,52.22,28.44
2018-07-03T02:24:57-0700,6772,52.12,28.44
2018-07-03T02:29:57-0700,6773,51.93,28.44
2018-07-03T02:34:58-0700,6774,52.02,28.44
2018-07-03T02:39:58-0700,6775,51.99,28.44
2018-07-03T02:44:58-0700,6776,51.77,28.44
2018-07-03T02:49:58-0700,6777,51.92,28.44
2018-07-03T02:54:59-0700,6778,51.87,28.44
2018-07-03T02:59:59-0700,6779,51.83,28.44
2018-07-03T03:04:59-0700,6780,51.67,28.44
2018-07-03T03:09:59-0700,6781,51.59,28.43
2018-07-03T03:14:59-0700,6782,51.45,28.43
2018-07-03T03:20:00-0700,6783,51.42,28.43
2018-07-03T03:25:00-0700,6784,51.39,28.43
2018-07-03T03:30:00-0700,6785,51.38,28.43
2018-07-03T03:35:00-0700,6786,51.44,28.43
2018-07-03T03:40:00-0700,6787,51.63,28.43
2018-07-03T03:45:00-0700,6788,51.73,28.42
2018-07-03T03:50:01-0700,6789,51.61,28.42
2018-07-03T03:55:01-0700,6790,51.43,28.42
2018-07-03T04:00:01-0700,6791,51.42,28.42
2018-07-03T04:05:01-0700,6792,51.43,28.42
2018-07-03T04:10:01-0700,6793,51.34,28.42
2018-07-03T04:15:01-0700,6794,51.43,28.42
2018-07-03T04:20:01-0700,6795,51.40,28.42
2018-07-03T04:25:01-0700,6796,51.44,28.42
2018-07-03T04:30:02-0700,6797,51.47,28.42
2018-07-03T04:35:02-0700,6798,51.46,28.42
2018-07-03T04:40:02-0700,6799,51.51,28.42
2018-07-03T04:45:02-0700,6800,51.51,28.43
2018-07-03T04:50:03-0700,6801,51.50,28.43
2018-07-03T04:55:03-0700,6802,51.50,28.43
2018-07-03T05:00:03-0700,6803,51.61,28.43
2018-07-03T05:05:03-0700,6804,51.68,28.43
2018-07-03T05:10:03-0700,6805,51.60,28.43
2018-07-03T05:15:04-0700,6806,51.55,28.43
2018-07-03T05:20:04-0700,6807,51.53,28.43
2018-07-03T05:25:04-0700,6808,51.55,28.43
2018-07-03T05:30:04-0700,6809,51.45,28.43
2018-07-03T05:35:04-0700,6810,51.43,28.43
2018-07-03T05:40:04-0700,6811,51.45,28.43
2018-07-03T05:45:04-0700,6812,51.35,28.43
2018-07-03T05:50:04-0700,6813,51.29,28.43
2018-07-03T05:55:04-0700,6814,51.27,28.43
2018-07-03T06:00:04-0700,6815,51.26,28.43
2018-07-03T06:05:04-0700,6816,51.13,28.43
2018-07-03T06:10:05-0700,6817,51.04,28.44
2018-07-03T06:15:05-0700,6818,51.07,28.44
2018-07-03T06:20:05-0700,6819,51.12,28.44
2018-07-03T06:25:05-0700,6820,51.19,28.44
2018-07-03T06:30:05-0700,6821,51.28,28.44
2018-07-03T06:35:05-0700,6822,51.29,28.44
2018-07-03T06:40:05-0700,6823,51.45,28.45
2018-07-03T06:45:05-0700,6824,51.44,28.44
2018-07-03T06:50:05-0700,6825,51.42,28.45
2018-07-03T06:55:05-0700,6826,51.53,28.45
2018-07-03T07:00:05-0700,6827,51.65,28.45
2018-07-03T07:05:05-0700,6828,51.55,28.45
2018-07-03T07:10:05-0700,6829,51.58,28.45
2018-07-03T07:15:05-0700,6830,51.45,28.45
2018-07-03T07:20:06-0700,6831,51.44,28.45
2018-07-03T07:25:06-0700,6832,51.42,28.45
2018-07-03T07:30:06-0700,6833,51.64,28.45
2018-07-03T07:35:07-0700,6834,51.81,28.45
2018-07-03T07:40:07-0700,6835,51.79,28.45
2018-07-03T07:45:07-0700,6836,51.68,28.46
2018-07-03T07:50:07-0700,6837,51.87,28.46
2018-07-03T07:55:07-0700,6838,51.97,28.46
2018-07-03T08:00:07-0700,6839,51.72,28.46
2018-07-03T08:05:07-0700,6840,51.58,28.46
2018-07-03T08:10:07-0700,6841,51.92,28.46
2018-07-03T08:15:08-0700,6842,51.98,28.46
2018-07-03T08:20:08-0700,6843,51.74,28.46
2018-07-03T08:25:08-0700,6844,51.90,28.46
2018-07-03T08:30:08-0700,6845,52.03,28.46
2018-07-03T08:35:08-0700,6846,52.04,28.46
2018-07-03T08:40:08-0700,6847,51.98,28.46
2018-07-03T08:45:09-0700,6848,52.06,28.46
2018-07-03T08:50:09-0700,6849,51.92,28.46
2018-07-03T08:55:09-0700,6850,52.03,28.46
2018-07-03T09:00:09-0700,6851,52.18,28.46
2018-07-03T09:05:09-0700,6852,52.12,28.46
2018-07-03T09:10:09-0700,6853,52.02,28.46
2018-07-03T09:15:10-0700,6854,52.13,28.46
2018-07-03T09:20:10-0700,6855,52.25,28.47
2018-07-03T09:25:10-0700,6856,52.15,28.47
2018-07-03T09:30:10-0700,6857,51.96,28.47
2018-07-03T09:35:10-0700,6858,51.89,28.47
2018-07-03T09:40:10-0700,6859,51.55,28.47
2018-07-03T09:45:10-0700,6860,51.49,28.48
2018-07-03T09:50:11-0700,6861,51.62,28.48
2018-07-03T09:55:11-0700,6862,51.91,28.48
2018-07-03T10:00:11-0700,6863,51.85,28.48
2018-07-03T10:05:11-0700,6864,51.92,28.48
2018-07-03T10:10:11-0700,6865,51.90,28.48
2018-07-03T10:15:12-0700,6866,51.90,28.48
2018-07-03T10:20:12-0700,6867,51.85,28.49
2018-07-03T10:25:12-0700,6868,51.93,28.48
2018-07-03T10:30:12-0700,6869,51.86,28.49
2018-07-03T10:35:12-0700,6870,51.97,28.49
2018-07-03T10:40:12-0700,6871,51.86,28.49
2018-07-03T10:45:12-0700,6872,52.14,28.49
2018-07-03T10:50:12-0700,6873,52.15,28.49
2018-07-03T10:55:13-0700,6874,52.22,28.49
2018-07-03T11:00:13-0700,6875,52.45,28.49
2018-07-03T11:05:13-0700,6876,52.95,28.49
2018-07-03T11:10:13-0700,6877,52.62,28.49
2018-07-03T11:15:13-0700,6878,52.71,28.49
2018-07-03T11:20:13-0700,6879,53.03,28.49
2018-07-03T11:25:14-0700,6880,53.05,28.49
2018-07-03T11:30:14-0700,6881,52.89,28.49
2018-07-03T11:35:14-0700,6882,53.27,28.50
2018-07-03T11:40:14-0700,6883,53.45,28.50
2018-07-03T11:45:14-0700,6884,53.77,28.49
2018-07-03T11:50:15-0700,6885,53.96,28.49
2018-07-03T11:55:15-0700,6886,54.02,28.49
2018-07-03T12:00:15-0700,6887,53.96,28.49
2018-07-03T12:05:15-0700,6888,53.93,28.50
2018-07-03T12:10:15-0700,6889,53.85,28.50
2018-07-03T12:15:15-0700,6890,54.10,28.50
2018-07-03T12:20:15-0700,6891,54.27,28.50
2018-07-03T12:25:16-0700,6892,54.34,28.51
2018-07-03T12:30:16-0700,6893,54.51,28.51
2018-07-03T12:35:16-0700,6894,54.69,28.51
2018-07-03T12:40:17-0700,6895,54.85,28.51
2018-07-03T12:45:17-0700,6896,54.87,28.51
2018-07-03T12:50:17-0700,6897,54.72,28.51
2018-07-03T12:55:17-0700,6898,54.75,28.51
2018-07-03T13:00:17-0700,6899,54.79,28.50
2018-07-03T13:05:17-0700,6900,54.99,28.50
2018-07-03T13:10:17-0700,6901,55.38,28.50
2018-07-03T13:15:17-0700,6902,55.00,28.50
2018-07-03T13:20:18-0700,6903,55.51,28.50
2018-07-03T13:25:18-0700,6904,56.00,28.50
2018-07-03T13:30:18-0700,6905,55.32,28.50
2018-07-03T13:35:18-0700,6906,55.77,28.50
2018-07-03T13:40:18-0700,6907,55.81,28.50
2018-07-03T13:45:18-0700,6908,56.37,28.50
2018-07-03T13:50:18-0700,6909,56.32,28.50
2018-07-03T13:55:18-0700,6910,56.10,28.50
2018-07-03T14:00:19-0700,6911,56.29,28.49
2018-07-03T14:05:19-0700,6912,56.20,28.49
2018-07-03T14:10:19-0700,6913,56.29,28.49
2018-07-03T14:15:19-0700,6914,56.21,28.49
2018-07-03T14:20:19-0700,6915,56.24,28.50
2018-07-03T14:25:19-0700,6916,56.19,28.50
2018-07-03T14:30:20-0700,6917,55.93,28.50
2018-07-03T14:35:20-0700,6918,55.88,28.50
2018-07-03T14:40:20-0700,6919,56.26,28.50
2018-07-03T14:45:20-0700,6920,56.73,28.50
2018-07-03T14:50:20-0700,6921,56.63,28.50
2018-07-03T14:55:20-0700,6922,56.69,28.50
2018-07-03T15:00:20-0700,6923,56.40,28.50
2018-07-03T15:05:20-0700,6924,56.67,28.50
2018-07-03T15:10:21-0700,6925,56.81,28.50
2018-07-03T15:15:21-0700,6926,56.32,28.50
2018-07-03T15:20:21-0700,6927,56.68,28.50
2018-07-03T15:25:21-0700,6928,56.77,28.50
2018-07-03T15:30:21-0700,6929,57.15,28.50
2018-07-03T15:35:22-0700,6930,56.55,28.50
2018-07-03T15:40:22-0700,6931,56.46,28.49
2018-07-03T15:45:22-0700,6932,56.90,28.49
2018-07-03T15:50:22-0700,6933,57.59,28.49
2018-07-03T15:55:22-0700,6934,57.90,28.48
2018-07-03T16:00:23-0700,6935,57.62,28.49
2018-07-03T16:05:23-0700,6936,57.64,28.49
2018-07-03T16:10:23-0700,6937,58.40,28.48
2018-07-03T16:15:23-0700,6938,58.05,28.48
2018-07-03T16:20:24-0700,6939,57.47,28.48
2018-07-03T16:25:24-0700,6940,57.35,28.49
2018-07-03T16:30:24-0700,6941,56.39,28.48
2018-07-03T16:35:24-0700,6942,56.09,28.48
2018-07-03T16:40:25-0700,6943,56.17,28.48
2018-07-03T16:45:25-0700,6944,56.36,28.48
2018-07-03T16:50:25-0700,6945,56.67,28.48
2018-07-03T16:55:25-0700,6946,56.93,28.48
2018-07-03T17:00:26-0700,6947,57.52,28.48
2018-07-03T17:05:26-0700,6948,57.57,28.48
2018-07-03T17:10:26-0700,6949,57.17,28.48
2018-07-03T17:15:26-0700,6950,57.26,28.48
2018-07-03T17:20:26-0700,6951,57.33,28.48
2018-07-03T17:25:27-0700,6952,57.19,28.48
2018-07-03T17:30:27-0700,6953,56.79,28.48
2018-07-03T17:35:27-0700,6954,57.23,28.48
2018-07-03T17:40:27-0700,6955,57.15,28.48
2018-07-03T17:45:27-0700,6956,57.37,28.48
2018-07-03T17:50:27-0700,6957,57.50,28.48
2018-07-03T17:55:28-0700,6958,57.47,28.48
2018-07-03T18:00:28-0700,6959,57.63,28.48
2018-07-03T18:05:28-0700,6960,58.00,28.48
2018-07-03T18:10:28-0700,6961,57.08,28.48
2018-07-03T18:15:28-0700,6962,56.95,28.48
2018-07-03T18:20:28-0700,6963,57.57,28.48
2018-07-03T18:25:28-0700,6964,57.46,28.48
2018-07-03T18:30:29-0700,6965,57.12,28.48
2018-07-03T18:35:29-0700,6966,57.14,28.48
2018-07-03T18:40:29-0700,6967,57.93,28.48
2018-07-03T18:45:29-0700,6968,58.18,28.48
2018-07-03T18:50:29-0700,6969,58.19,28.48
2018-07-03T18:55:30-0700,6970,58.27,28.48
2018-07-03T19:00:30-0700,6971,57.52,28.48
2018-07-03T19:05:30-0700,6972,57.61,28.48
2018-07-03T19:10:30-0700,6973,57.87,28.48
2018-07-03T19:15:30-0700,6974,57.69,28.48
2018-07-03T19:20:30-0700,6975,56.98,28.48
2018-07-03T19:25:31-0700,6976,56.80,28.48
2018-07-03T19:30:31-0700,6977,56.70,28.48
2018-07-03T19:35:31-0700,6978,56.38,28.48
2018-07-03T19:40:32-0700,6979,56.17,28.49
2018-07-03T19:45:32-0700,6980,55.91,28.49
2018-07-03T19:50:32-0700,6981,55.84,28.49
2018-07-03T19:55:32-0700,6982,55.45,28.49
2018-07-03T20:00:32-0700,6983,55.50,28.49
2018-07-03T20:05:33-0700,6984,55.18,28.49
2018-07-03T20:10:33-0700,6985,55.05,28.49
2018-07-03T20:15:33-0700,6986,55.12,28.49
2018-07-03T20:20:33-0700,6987,55.05,28.48
2018-07-03T20:25:33-0700,6988,55.04,28.48
2018-07-03T20:30:33-0700,6989,54.84,28.48
2018-07-03T20:35:33-0700,6990,54.82,28.48
2018-07-03T20:40:33-0700,6991,54.74,28.48
2018-07-03T20:45:34-0700,6992,54.62,28.48
2018-07-03T20:50:34-0700,6993,54.56,28.48
2018-07-03T20:55:34-0700,6994,54.60,28.49
2018-07-03T21:00:34-0700,6995,54.26,28.49
2018-07-03T21:05:34-0700,6996,53.99,28.49
2018-07-03T21:10:34-0700,6997,53.77,28.49
2018-07-03T21:15:34-0700,6998,53.74,28.49
2018-07-03T21:20:34-0700,6999,53.84,28.49
2018-07-03T21:25:35-0700,7000,53.95,28.49
2018-07-03T21:30:35-0700,7001,53.81,28.49
2018-07-03T21:35:35-0700,7002,53.72,28.49
2018-07-03T21:40:35-0700,7003,53.68,28.49
2018-07-03T21:45:35-0700,7004,53.55,28.50
2018-07-03T21:50:35-0700,7005,53.63,28.50
2018-07-03T21:55:35-0700,7006,53.78,28.50
2018-07-03T22:00:35-0700,7007,53.77,28.50
2018-07-03T22:05:35-0700,7008,53.77,28.50
2018-07-03T22:10:36-0700,7009,53.73,28.50
2018-07-03T22:15:36-0700,7010,53.55,28.50
2018-07-03T22:20:36-0700,7011,53.49,28.50
2018-07-03T22:25:36-0700,7012,53.44,28.50
2018-07-03T22:30:36-0700,7013,53.57,28.50
2018-07-03T22:35:37-0700,7014,53.60,28.50
2018-07-03T22:40:37-0700,7015,53.56,28.50
2018-07-03T22:45:37-0700,7016,53.65,28.51
2018-07-03T22:50:37-0700,7017,53.62,28.51
2018-07-03T22:55:37-0700,7018,53.53,28.51
2018-07-03T23:00:37-0700,7019,53.50,28.51
2018-07-03T23:05:37-0700,7020,53.44,28.51
2018-07-03T23:10:37-0700,7021,53.38,28.51
2018-07-03T23:15:38-0700,7022,53.32,28.51
2018-07-03T23:20:38-0700,7023,53.18,28.51
2018-07-03T23:25:38-0700,7024,53.16,28.50
2018-07-03T23:30:38-0700,7025,53.25,28.50
2018-07-03T23:35:39-0700,7026,53.33,28.50
2018-07-03T23:40:39-0700,7027,53.31,28.50
2018-07-03T23:45:39-0700,7028,53.25,28.50
2018-07-03T23:50:39-0700,7029,53.28,28.50
2018-07-03T23:55:39-0700,7030,53.26,28.50
2018-07-04T00:00:39-0700,7031,53.20,28.50
2018-07-04T00:05:40-0700,7032,53.00,28.50
2018-07-04T00:10:40-0700,7033,52.96,28.50
2018-07-04T00:15:40-0700,7034,52.88,28.50
2018-07-04T00:20:40-0700,7035,52.90,28.50
2018-07-04T00:25:40-0700,7036,52.85,28.50
2018-07-04T00:30:40-0700,7037,52.85,28.50
2018-07-04T00:35:40-0700,7038,52.76,28.50
2018-07-04T00:40:40-0700,7039,52.55,28.50
2018-07-04T00:45:41-0700,7040,52.67,28.51
2018-07-04T00:50:41-0700,7041,52.74,28.50
2018-07-04T00:55:41-0700,7042,52.65,28.50
2018-07-04T01:00:41-0700,7043,52.52,28.50
2018-07-04T01:05:41-0700,7044,52.42,28.50
2018-07-04T01:10:41-0700,7045,52.26,28.50
2018-07-04T01:15:42-0700,7046,52.33,28.50
2018-07-04T01:20:42-0700,7047,52.21,28.50
2018-07-04T01:25:42-0700,7048,52.26,28.50
2018-07-04T01:30:42-0700,7049,52.23,28.50
2018-07-04T01:35:43-0700,7050,52.33,28.50
2018-07-04T01:40:43-0700,7051,52.36,28.50
2018-07-04T01:45:43-0700,7052,52.39,28.50
2018-07-04T01:50:43-0700,7053,52.36,28.50
2018-07-04T01:55:43-0700,7054,52.35,28.50
2018-07-04T02:00:43-0700,7055,52.20,28.50
2018-07-04T02:05:44-0700,7056,52.16,28.50
2018-07-04T02:10:44-0700,7057,52.10,28.49
2018-07-04T02:15:44-0700,7058,52.11,28.49
2018-07-04T02:20:44-0700,7059,52.13,28.49
2018-07-04T02:25:44-0700,7060,52.20,28.49
2018-07-04T02:30:44-0700,7061,52.17,28.49
2018-07-04T02:35:44-0700,7062,52.13,28.49
2018-07-04T02:40:44-0700,7063,52.10,28.49
2018-07-04T02:45:44-0700,7064,51.99,28.49
2018-07-04T02:50:44-0700,7065,52.05,28.49
2018-07-04T02:55:45-0700,7066,52.14,28.49
2018-07-04T03:00:45-0700,7067,52.17,28.49
2018-07-04T03:05:45-0700,7068,52.11,28.49
2018-07-04T03:10:45-0700,7069,52.15,28.49
2018-07-04T03:15:45-0700,7070,52.11,28.49
2018-07-04T03:20:45-0700,7071,52.02,28.49
2018-07-04T03:25:45-0700,7072,52.01,28.49
2018-07-04T03:30:45-0700,7073,52.07,28.49
2018-07-04T03:35:45-0700,7074,52.08,28.50
2018-07-04T03:40:45-0700,7075,51.86,28.50
2018-07-04T03:45:45-0700,7076,51.87,28.50
2018-07-04T03:50:46-0700,7077,51.84,28.50
2018-07-04T03:55:46-0700,7078,51.88,28.50
2018-07-04T04:00:46-0700,7079,51.98,28.50
2018-07-04T04:05:46-0700,7080,51.90,28.50
2018-07-04T04:10:47-0700,7081,51.76,28.50
2018-07-04T04:15:47-0700,7082,51.70,28.50
2018-07-04T04:20:47-0700,7083,51.66,28.50
2018-07-04T04:25:47-0700,7084,51.74,28.50
2018-07-04T04:30:48-0700,7085,51.63,28.50
2018-07-04T04:35:48-0700,7086,51.72,28.50
2018-07-04T04:40:48-0700,7087,51.71,28.50
2018-07-04T04:45:48-0700,7088,51.75,28.50
2018-07-04T04:50:49-0700,7089,51.76,28.50
2018-07-04T04:55:49-0700,7090,51.77,28.50
2018-07-04T05:00:49-0700,7091,51.71,28.51
2018-07-04T05:05:49-0700,7092,51.67,28.51
2018-07-04T05:10:49-0700,7093,51.69,28.51
2018-07-04T05:15:49-0700,7094,51.74,28.51
2018-07-04T05:20:49-0700,7095,51.71,28.51
2018-07-04T05:25:50-0700,7096,51.70,28.51
2018-07-04T05:30:50-0700,7097,51.82,28.51
2018-07-04T05:35:50-0700,7098,51.77,28.52
2018-07-04T05:40:50-0700,7099,51.81,28.52
2018-07-04T05:45:50-0700,7100,51.90,28.52
2018-07-04T05:50:51-0700,7101,51.86,28.52
2018-07-04T05:55:51-0700,7102,51.86,28.52
2018-07-04T06:00:51-0700,7103,51.91,28.53
2018-07-04T06:05:52-0700,7104,52.02,28.53
2018-07-04T06:10:52-0700,7105,51.96,28.53
2018-07-04T06:15:52-0700,7106,52.01,28.53
2018-07-04T06:20:53-0700,7107,52.01,28.54
2018-07-04T06:25:53-0700,7108,52.09,28.54
2018-07-04T06:30:53-0700,7109,52.07,28.54
2018-07-04T06:35:53-0700,7110,52.11,28.54
2018-07-04T06:40:54-0700,7111,52.21,28.54
2018-07-04T06:45:54-0700,7112,52.16,28.54
2018-07-04T06:50:54-0700,7113,52.17,28.54
2018-07-04T06:55:54-0700,7114,52.29,28.55
2018-07-04T07:00:54-0700,7115,52.20,28.55
2018-07-04T07:05:55-0700,7116,52.19,28.55
2018-07-04T07:10:55-0700,7117,52.27,28.55
2018-07-04T07:15:55-0700,7118,52.29,28.55
2018-07-04T07:20:55-0700,7119,52.26,28.55
2018-07-04T07:25:55-0700,7120,52.34,28.56
2018-07-04T07:30:55-0700,7121,52.27,28.56
2018-07-04T07:35:55-0700,7122,52.30,28.56
2018-07-04T07:40:55-0700,7123,52.29,28.56
2018-07-04T07:45:55-0700,7124,52.30,28.56
2018-07-04T07:50:56-0700,7125,52.36,28.56
2018-07-04T07:55:56-0700,7126,52.38,28.57
2018-07-04T08:00:56-0700,7127,52.44,28.57
2018-07-04T08:05:56-0700,7128,52.47,28.57
2018-07-04T08:10:56-0700,7129,52.46,28.57
2018-07-04T08:15:56-0700,7130,52.52,28.57
2018-07-04T08:20:56-0700,7131,52.58,28.58
2018-07-04T08:25:56-0700,7132,52.55,28.58
2018-07-04T08:30:57-0700,7133,52.44,28.58
2018-07-04T08:35:57-0700,7134,52.52,28.58
2018-07-04T08:40:57-0700,7135,52.42,28.58
2018-07-04T08:45:57-0700,7136,52.46,28.58
2018-07-04T08:50:57-0700,7137,52.49,28.58
2018-07-04T08:55:57-0700,7138,52.56,28.58
2018-07-04T09:00:57-0700,7139,52.52,28.58
2018-07-04T09:05:57-0700,7140,52.64,28.58
2018-07-04T09:10:58-0700,7141,52.73,28.59
2018-07-04T09:15:58-0700,7142,52.70,28.59
2018-07-04T09:20:58-0700,7143,52.74,28.59
2018-07-04T09:25:59-0700,7144,52.95,28.59
2018-07-04T09:30:59-0700,7145,53.04,28.59
2018-07-04T09:35:59-0700,7146,53.28,28.59
2018-07-04T09:40:59-0700,7147,53.54,28.59
2018-07-04T09:46:00-0700,7148,53.65,28.59
2018-07-04T09:51:00-0700,7149,53.97,28.59
2018-07-04T09:56:00-0700,7150,54.06,28.59
2018-07-04T10:01:00-0700,7151,54.37,28.59
2018-07-04T10:06:00-0700,7152,54.66,28.59
2018-07-04T10:11:01-0700,7153,54.62,28.59
2018-07-04T10:16:01-0700,7154,54.54,28.59
2018-07-04T10:21:01-0700,7155,54.76,28.59
2018-07-04T10:26:01-0700,7156,55.06,28.59
2018-07-04T10:31:01-0700,7157,55.44,28.59
2018-07-04T10:36:01-0700,7158,55.07,28.59
2018-07-04T10:41:02-0700,7159,55.39,28.59
2018-07-04T10:46:02-0700,7160,55.76,28.59
2018-07-04T10:51:02-0700,7161,55.98,28.60
2018-07-04T10:56:02-0700,7162,56.09,28.60
2018-07-04T11:01:02-0700,7163,56.14,28.60
2018-07-04T11:06:02-0700,7164,56.13,28.60
2018-07-04T11:11:03-0700,7165,56.23,28.60
2018-07-04T11:16:03-0700,7166,56.45,28.60
2018-07-04T11:21:03-0700,7167,56.43,28.60
2018-07-04T11:26:03-0700,7168,56.07,28.60
2018-07-04T11:31:03-0700,7169,56.24,28.60
2018-07-04T11:36:03-0700,7170,56.63,28.60
2018-07-04T11:41:04-0700,7171,56.93,28.60
2018-07-04T11:46:04-0700,7172,57.07,28.60
2018-07-04T11:51:04-0700,7173,57.11,28.60
2018-07-04T11:56:04-0700,7174,57.11,28.61
2018-07-04T12:01:05-0700,7175,57.37,28.60
2018-07-04T12:06:05-0700,7176,57.25,28.60
2018-07-04T12:11:05-0700,7177,57.21,28.61
2018-07-04T12:16:05-0700,7178,57.30,28.61
2018-07-04T12:21:05-0700,7179,57.51,28.61
2018-07-04T12:26:05-0700,7180,58.04,28.61
2018-07-04T12:31:06-0700,7181,58.11,28.61
2018-07-04T12:36:06-0700,7182,58.06,28.61
2018-07-04T12:41:06-0700,7183,57.74,28.61
2018-07-04T12:46:06-0700,7184,57.85,28.61
2018-07-04T12:51:06-0700,7185,58.34,28.61
2018-07-04T12:56:07-0700,7186,58.48,28.61
2018-07-04T13:01:07-0700,7187,58.53,28.61
2018-07-04T13:06:07-0700,7188,58.26,28.61
2018-07-04T13:11:07-0700,7189,58.41,28.61
2018-07-04T13:16:07-0700,7190,58.67,28.61
2018-07-04T13:21:07-0700,7191,58.72,28.61
2018-07-04T13:26:08-0700,7192,58.69,28.61
2018-07-04T13:31:08-0700,7193,58.47,28.61
2018-07-04T13:36:08-0700,7194,58.72,28.61
2018-07-04T13:41:08-0700,7195,59.46,28.61
2018-07-04T13:46:08-0700,7196,59.96,28.61
2018-07-04T13:51:09-0700,7197,59.94,28.61
2018-07-04T13:56:09-0700,7198,59.79,28.61
2018-07-04T14:01:09-0700,7199,59.79,28.61
2018-07-04T14:06:09-0700,7200,59.86,28.61
2018-07-04T14:11:10-0700,7201,59.79,28.61
2018-07-04T14:16:10-0700,7202,59.85,28.61
2018-07-04T14:21:10-0700,7203,59.83,28.61
2018-07-04T14:26:10-0700,7204,60.35,28.61
2018-07-04T14:31:10-0700,7205,61.34,28.61
2018-07-04T14:36:11-0700,7206,61.21,28.61
2018-07-04T14:41:11-0700,7207,61.25,28.61
2018-07-04T14:46:11-0700,7208,61.89,28.60
2018-07-04T14:51:11-0700,7209,62.30,28.60
2018-07-04T14:56:11-0700,7210,62.03,28.60
2018-07-04T15:01:11-0700,7211,62.41,28.60
2018-07-04T15:06:11-0700,7212,62.41,28.60
2018-07-04T15:11:12-0700,7213,62.58,28.60
2018-07-04T15:16:12-0700,7214,63.74,28.60
2018-07-04T15:21:12-0700,7215,63.74,28.60
2018-07-04T15:26:12-0700,7216,63.74,28.60
2018-07-04T15:31:12-0700,7217,64.11,28.60
2018-07-04T15:36:13-0700,7218,64.29,28.60
2018-07-04T15:41:13-0700,7219,64.13,28.60
2018-07-04T15:46:13-0700,7220,63.98,28.60
2018-07-04T15:51:13-0700,7221,64.35,28.60
2018-07-04T15:56:13-0700,7222,64.66,28.59
2018-07-04T16:01:14-0700,7223,64.02,28.59
2018-07-04T16:06:14-0700,7224,63.76,28.59
2018-07-04T16:11:14-0700,7225,63.74,28.59
2018-07-04T16:16:14-0700,7226,64.21,28.59
2018-07-04T16:21:15-0700,7227,64.05,28.59
2018-07-04T16:26:15-0700,7228,64.15,28.59
2018-07-04T16:31:15-0700,7229,64.43,28.58
2018-07-04T16:36:15-0700,7230,64.64,28.58
2018-07-04T16:41:16-0700,7231,64.79,28.58
2018-07-04T16:46:16-0700,7232,64.45,28.58
2018-07-04T16:51:16-0700,7233,64.34,28.58
2018-07-04T16:56:16-0700,7234,64.24,28.58
2018-07-04T17:01:16-0700,7235,64.47,28.58
2018-07-04T17:06:16-0700,7236,64.75,28.58
2018-07-04T17:11:16-0700,7237,64.45,28.58
2018-07-04T17:16:16-0700,7238,64.55,28.58
2018-07-04T17:21:17-0700,7239,64.30,28.58
2018-07-04T17:26:17-0700,7240,64.65,28.58
2018-07-04T17:31:17-0700,7241,64.72,28.58
2018-07-04T17:36:17-0700,7242,64.53,28.58
